0
5892
691
5541
1775
603
3169
2730
2478
6083
4425
504
4566
319
2843
1921
275
5230
2931
1362
5135
1527
4841
2231
5405
2359
2352
4745
3096
5897
3661
946
4783
5869
296
1967
3134
299
69
5210
737
1599
2434
6026
3754
1504
4569
151
757
2096
3606
1705
5550
4598
170
5458
377
2545
2447
860
5143
4881
5134
379
5680
2348
1295
4256
1433
2782
4252
4017
1781
4266
3328
4647
1820
3648
842
2648
1190
176
4667
2766
928
3355
46
1261
1097
1444
5324
4798
1188
5167
5773
1031
2657
301
5161
1473
284
5745
3553
4824
5746
1815
4004
3040
4202
5030
3108
3019
1339
4330
4624
3938
4588
2380
4599
2467
5548
258
508
2349
100
4123
745
2169
5637
1376
3982
3934
5973
5920
4286
1158
1860
4429
4650
4979
1438
5045
367
4854
3028
403
4711
4883
950
2862
20
230
4248
669
219
5081
4780
1964
5125
2586
4451
586
5992
3008
2761
5109
4005
5859
3262
778
2382
1019
1607
2578
2888
3531
5371
4733
1492
2100
2368
5353
2644
4955
5611
2959
1594
518
322
3744
3837
4159
3798
218
5970
569
361
4436
3436
3097
3662
1053
2878
760
4734
2640
4039
1427
2720
3807
215
1615
4742
1719
2821
2112
3517
4360
1704
3898
4455
3121
726
2573
50
4762
888
4186
517
2211
140
4293
5511
2571
464
3407
3186
595
451
4714
2596
313
4412
5264
452
4915
891
4440
5772
3591
5701
1000
3874
1477
5481
5536
5131
3542
4206
3699
5610
1294
5366
5736
1909
3871
4976
369
1939
1152
3608
2709
5996
192
175
3260
3452
3950
3941
5297
5931
4182
2907
1165
2172
5305
1663
509
167
4045
5157
3082
4079
104
2483
3292
4032
1754
5437
5540
1660
153
5189
1584
3065
4226
4466
2270
2724
4014
1824
4694
3461
310
3708
4036
2646
496
206
1435
1136
869
306
1851
2301
1990
3860
1535
844
1989
3864
3957
2611
3299
1539
212
1959
3833
2390
2786
1350
2201
4654
681
181
4261
4825
4607
279
290
4565
994
2666
6081
5439
5977
271
3522
4969
5854
4726
112
1392
221
3324
84
3537
3501
462
5350
552
5114
5682
2845
2148
5237
5303
651
709
4364
3130
3977
1425
1217
4643
1926
2814
2804
315
4905
1428
3948
4605
3087
3980
3308
5984
3386
6093
5496
685
4456
3917
5215
3012
327
5087
3547
2668
5263
5112
5698
2411
3899
349
1627
3318
872
3049
5407
2408
2220
4770
2123
4579
86
2899
1879
4802
5207
5102
495
5670
3199
3619
1271
5008
5242
5028
619
5205
2707
5872
4317
2294
3144
1414
2203
3323
4540
870
2008
4404
357
1163
4621
4884
6009
1892
580
5060
1693
863
5864
3404
5855
4712
1117
1542
2829
4682
5759
2686
2422
5379
5525
5998
6061
5810
5383
3077
5842
2054
1778
4247
4689
1593
1725
4760
4129
491
5116
1007
3239
4197
2316
1418
26
1114
3264
1553
5198
4556
434
3794
2889
5696
4472
3187
3379
4519
3107
5856
1103
3115
4514
4223
195
616
644
4370
2511
5144
331
5343
4191
3739
3402
484
720
3315
2061
4024
33
665
5130
3590
1445
2773
2453
5944
1707
4769
2656
3651
2279
1402
3443
171
541
3237
4558
3897
2796
675
6088
2414
1817
3717
2102
3216
5778
2103
5154
2884
1549
4899
5084
356
3811
4242
3490
5391
4334
2375
1052
2323
3659
3882
1753
2537
1774
1197
1880
2018
2007
4937
1483
329
649
2515
1124
2857
3047
2533
5460
3184
5095
1260
3129
3515
3116
1520
1379
4442
1024
4388
5162
2460
913
4127
1677
1748
3057
1738
1630
3918
431
1810
3632
2617
3503
3585
3560
2224
5847
5025
5433
3753
4653
5406
3424
1997
3272
2226
1107
5014
819
5663
4419
1699
3518
137
3334
4767
5398
1181
3538
889
2734
2439
2631
3171
818
1112
5186
2343
4489
3872
1265
991
3330
1741
2550
354
5947
5766
4268
1490
5275
1229
4631
5232
5768
5785
53
3213
2823
5040
5329
3760
1590
1480
1470
2859
2598
2080
3554
6005
2673
437
2968
5355
1589
4480
1591
5397
974
1239
2344
3879
4379
5195
2233
5164
1498
450
2371
4764
2424
5469
3937
1552
5400
1147
3848
2094
1314
2017
3364
2807
4509
1382
3343
414
942
802
2577
3705
257
5979
2237
648
1769
4165
2649
4813
2706
25
1089
2919
5202
113
2313
2849
57
1310
696
4888
1228
2001
277
5292
3281
1835
683
5037
4395
3160
1138
5720
5964
3098
3526
4904
1347
5807
3620
4053
2386
4042
4237
6063
5546
2685
3351
5883
3990
5062
5000
82
1974
1716
3686
5168
3729
1948
4662
3894
4264
1611
3336
4369
4196
5955
4692
666
2196
4791
5877
1018
558
5254
4478
1208
4475
3111
1511
4645
3796
4139
4141
267
2767
5769
2113
4818
1911
3195
4021
5787
4297
3676
999
3311
1786
1238
5401
3091
5287
4938
6014
2188
4773
909
5256
1304
5686
1628
1523
836
359
139
300
1557
1004
383
4986
762
4342
3041
4702
4920
5423
1403
6011
5222
1934
3821
4500
4846
5197
3929
3987
2687
2835
59
77
797
2418
3072
4448
786
4710
5936
5050
2219
2864
3700
3609
4758
4999
4695
911
2174
5803
2311
5704
1258
2497
5332
4484
1179
4578
4972
443
1400
3125
5728
5806
1055
3471
4663
3132
1416
2374
4298
4924
3891
3770
5295
1503
3205
3960
2013
4610
4322
3660
4907
4596
4452
7
2489
679
1945
3828
5605
3427
4669
5997
2609
4375
5601
1065
3844
2244
1475
4512
1891
6050
2023
5908
4331
2660
2469
2831
1131
1462
4707
5779
3408
3730
223
5647
49
574
1237
4628
5905
5472
2284
5080
268
1105
2307
4785
1937
387
1703
1629
3348
2716
3168
5385
1564
2762
3684
210
910
1290
4593
3970
1844
2499
5333
5132
959
1795
2090
2704
332
4301
3998
3078
2461
1776
4272
4909
3824
3325
4940
2953
5004
6047
1712
4646
2480
1367
174
859
4482
2979
5459
3520
1954
3297
5782
2038
5451
5021
19
1
2176
1357
4528
3709
2828
3250
397
5226
3441
1814
3720
4906
817
1573
4211
1802
2282
3857
4812
5812
5917
4483
5249
5553
3557
3669
4254
4359
555
1160
1214
3222
1326
3385
3449
701
2702
4354
1849
4468
3979
1456
5093
3037
2945
867
4651
1646
2142
4106
3549
1491
6084
730
4717
4097
2622
1938
5790
1111
4943
5443
2396
1186
2009
194
1516
4865
579
2125
1430
772
4699
2397
6035
1848
132
179
5438
3924
3673
2582
5598
3658
2654
5276
2075
659
1898
4473
2608
2223
5764
2381
1448
343
5448
2529
728
4789
977
3384
4222
1930
3804
5848
1300
5835
5593
661
1792
5870
4061
494
3202
4273
3200
3942
5607
5153
1086
5748
695
1279
4290
1622
2563
4249
4112
68
4683
3100
2271
4891
4792
821
1227
1679
5085
2869
4686
2369
3127
4570
2514
5313
2725
5823
5179
5693
1144
398
5616
787
5689
4311
1399
1661
3431
2222
980
2333
1299
5943
4609
4525
83
3189
5604
4755
4048
4788
5213
2905
424
5358
1906
5523
1531
4312
1566
4729
2751
840
501
4995
142
5023
2607
3610
1378
4728
5974
2268
5258
1139
2259
3710
1789
3742
551
460
2021
949
3951
3212
533
3958
1831
4170
5373
4916
3627
1603
2240
640
5882
968
5140
3823
1685
2250
5394
5442
4990
156
2297
3628
4120
1090
3861
2321
2942
5145
289
931
2911
3691
5719
2886
4991
3314
5528
3002
4513
3511
6007
943
2356
4858
5250
6018
1700
5732
4447
3650
4095
4581
986
4043
3197
3256
5813
982
5169
3359
5805
3546
4357
4967
1474
4616
3456
4826
1458
1396
265
2750
3494
2694
3935
930
4281
5729
2402
2180
3920
247
1595
1760
5927
4094
924
5933
269
670
3991
1912
5255
1153
5591
4992
5860
4564
2698
2593
5146
1783
2415
3015
5316
2309
3167
688
1917
5731
613
3073
3506
2269
5840
2535
40
1900
1651
3575
259
2926
2436
848
2824
4463
5158
5631
4084
1234
1128
3594
1969
559
905
2616
3145
485
2213
1321
4687
2557
8
2317
5152
4445
4376
5346
1451
1202
2428
2650
1816
2728
774
2276
1012
4101
3170
4778
1993
1278
1785
5467
447
881
5532
5429
2729
3050
782
2653
5941
1751
2128
3785
2793
2425
5949
5244
884
3457
1092
4402
4185
532
3696
2440
4934
4477
4073
4984
2292
1729
611
571
3888
1318
344
588
4744
637
435
1905
3217
98
3270
3529
3481
5800
2071
1538
3756
4194
4840
5173
1518
966
5354
529
177
2472
4586
4930
3003
5209
573
3362
593
5048
3064
3587
2376
3066
5713
4393
4443
4259
2210
3741
2494
4019
384
853
1882
371
4397
4292
5819
5247
6051
1106
5909
2363
4892
1337
2191
5587
5486
5099
2248
4178
5901
1172
3276
4320
3923
1423
2688
5463
4797
4741
5047
1465
875
2299
2645
3401
5268
1252
3426
841
4289
582
205
1643
2016
3255
906
632
4305
3670
1976
163
5321
5454
5471
3618
618
876
1432
2975
4207
548
4485
5912
5122
3482
5535
4262
4964
2858
1863
2661
5590
641
5357
1010
3368
5954
638
3835
4973
4872
2310
5088
3147
3895
2098
3617
1958
1373
5700
922
5567
547
1450
2806
2612
1902
2759
2030
2303
1887
1644
973
5852
2099
5286
4642
5470
6052
837
602
2186
5387
4037
5224
1583
5674
5066
4611
1071
1777
5851
1284
5061
4441
5786
1838
5236
1020
971
1327
3595
476
2812
4559
1653
5654
5196
2530
4839
4575
5899
1374
740
5307
3561
868
2976
1141
998
1338
542
1100
1133
5906
4143
2260
4914
3392
2964
60
3261
2208
1940
5034
6017
3496
2815
5269
5929
1079
4597
5589
4333
3826
5174
2632
5666
5428
3905
941
1081
188
3834
4192
2087
2251
3797
5960
2025
4102
1493
4668
4128
227
1014
2585
1931
4276
5465
1405
2181
698
1125
3284
4078
4171
1780
2636
3093
5181
5348
3491
1658
1038
5068
2258
3887
6023
314
2651
2283
3803
4704
2549
1417
1037
2161
2986
3139
5613
1756
4655
4098
5588
3734
2522
874
4870
4552
1507
5617
1925
449
4221
3884
6054
4580
3259
362
2185
1135
4901
3201
5488
3440
2157
1832
1054
2462
23
2068
1655
3769
4392
2745
4080
4945
2470
2327
461
1068
88
1431
3851
283
2485
463
213
2590
4765
4835
2909
2583
1369
235
4040
598
5376
2252
4942
2285
663
6048
2287
3433
5741
4381
5789
5557
3470
5238
2992
5415
780
2546
4518
4547
4450
4385
5005
5886
686
4947
4479
3245
1750
4006
4705
2839
3034
2173
3880
1852
488
1690
2232
3475
5602
2322
783
522
523
4502
2941
4747
4917
2400
2209
4583
781
5656
4105
1512
1884
652
4065
1803
370
5312
3843
119
378
217
2218
4625
1614
2885
4356
5464
3634
963
5480
2512
5715
4630
4688
360
1247
3410
4231
2417
5664
5137
2187
4104
2569
3425
2039
5170
773
1285
5597
3564
5765
2589
5565
1415
1235
3933
436
1676
3301
366
5531
232
5177
148
5345
3090
4796
3556
408
5623
3694
3458
2092
87
3578
3273
845
1032
4859
4676
5566
2989
4411
2630
3866
3889
856
3005
79
2994
2249
5969
5559
5600
759
4168
3357
789
2281
3783
4308
5051
4842
3633
5935
3869
2178
425
393
4537
5751
2241
105
2674
5569
3751
2070
4093
3495
1950
1460
1770
3300
4087
3947
5828
1588
4706
1733
5799
5884
183
1793
2357
1942
703
2444
6087
497
4730
465
3914
5989
173
2022
5837
3766
5421
2542
6041
2011
2262
3086
2114
901
1447
1913
3544
2699
4757
3664
742
2295
2454
3815
4971
1207
510
3718
5046
4352
4086
5515
1550
3031
4587
2204
2568
3903
2046
768
5938
3776
3701
1509
3136
3763
5924
422
124
5913
3827
3294
820
1404
1383
2150
5952
1576
1640
1797
3333
5881
5419
400
3153
2312
883
3567
6058
1180
1353
3999
5574
2132
983
457
1487
1080
1952
5233
690
4805
2431
642
2394
2827
1955
3540
4329
3060
4033
4554
2712
1084
4511
5801
4879
1886
4697
390
2496
1853
3038
4157
3605
846
543
3726
92
3681
5727
3873
4022
1981
3246
4096
3152
5369
4164
4422
2966
3465
2531
4458
1678
1049
2951
1962
2532
4474
4977
4057
238
5142
4589
1134
2882
1807
5032
164
4592
5791
5830
4491
4562
4387
266
3841
2003
1813
3279
3963
2980
4321
2908
4351
5582
1429
399
4082
5079
948
3080
3921
3140
5430
4997
5658
5223
3231
1828
1453
594
2727
42
561
4902
4184
490
244
3174
1340
4828
4203
406
1443
262
4030
3539
5552
1691
3480
1727
1204
835
1868
2498
3018
4576
2012
4049
341
4233
1602
2798
4922
5716
481
3877
3727
6034
2787
1524
3623
4530
5402
5645
5902
800
1768
5446
3027
2455
4405
5375
4928
3706
5695
364
1272
6027
2005
5477
4306
5709
5432
348
3352
4849
3615
5624
2564
3029
4241
5583
1424
657
3085
5609
2104
633
5871
2495
2667
4399
4709
4465
4310
2336
3550
6055
2502
3621
1466
4058
4217
4919
116
1823
1495
2403
3876
1233
2663
2819
1196
5562
1154
3911
4829
5408
58
4531
3885
3063
5199
6028
1737
5484
2825
2198
160
4957
2477
2566
4355
5123
4200
2610
4703
708
3048
5190
1094
4641
1377
5991
73
1924
4533
5662
1766
744
5431
1006
2670
1191
4377
2603
1126
1242
5248
5455
5703
3353
4010
1578
3908
3731
1344
6077
441
1101
2639
5740
650
1547
5221
4640
2854
3505
4373
631
1250
4149
483
1585
1463
3042
4677
3275
3685
4277
3227
1073
2633
1662
2427
5219
3099
3978
5449
5783
4318
4821
1409
1847
1800
3959
1476
36
445
2361
3656
3181
1287
4508
3418
2139
2638
4018
5885
1683
4421
1694
5377
6067
3637
373
4671
141
5675
4998
715
3190
5374
4250
407
21
1005
2413
2547
2392
6004
43
2832
3373
3024
3366
12
1178
1949
2503
2865
3867
1027
3850
2991
962
2891
3017
3340
4923
736
1441
2877
3988
917
5076
4091
5626
4752
2774
1625
5659
822
1368
3714
5473
851
1001
4522
4116
1639
1669
3175
4627
1348
4749
3232
4271
4673
3234
5874
704
4850
3293
3675
2410
1328
5671
4985
5082
987
5524
5231
5038
4051
3487
2476
3875
1199
4183
1519
1801
1015
129
1365
4678
892
2795
5107
5802
5216
3251
1209
3870
4067
5204
1240
2291
2742
276
1036
1230
1009
3830
2534
1059
4515
282
1044
1317
969
2383
5166
1941
4361
1275
620
4696
1744
1391
4954
1580
1657
3570
2354
2214
6057
3180
3194
1308
576
2362
1281
5360
5035
1995
2641
270
630
4507
3083
3468
5632
4025
2048
4777
2115
28
2042
3930
5504
3218
3816
130
4510
5981
14
5217
1526
2367
3054
4007
2342
375
4433
5227
940
5831
2149
3593
5527
5115
3625
530
3716
1270
4283
1395
4011
1799
2981
1442
4548
5940
3813
1274
1714
956
4505
4864
5382
404
2073
5788
1979
159
3890
903
353
4132
755
2973
6064
2922
312
662
1991
3667
307
2337
2358
3704
3806
1929
3429
750
3640
4944
1267
4617
5380
3597
2136
4111
515
5444
410
4538
6069
6024
5424
208
459
2056
2432
251
6090
1108
5676
1715
3913
716
553
1440
2272
3146
5817
1927
635
317
5722
428
5985
106
3043
4240
2171
1711
90
2243
3176
4541
1951
4046
2850
2
4339
936
5208
2722
592
4561
2938
2450
1577
5078
214
779
3498
4772
2045
5522
1568
166
3568
4657
5793
2015
274
3862
4169
4857
3790
395
584
6074
5649
5827
521
1765
1877
3967
3346
2255
3226
527
2948
3901
693
5879
4446
3635
1051
591
520
3382
3678
5011
1608
3612
5814
1811
792
793
5001
1857
1982
3235
3600
934
3965
5657
4181
4028
4118
989
4693
3455
5561
3780
5103
3095
3157
3203
4910
1099
6072
2846
887
6012
4718
516
5620
1454
3555
3611
2508
2996
4001
5774
907
29
2509
2430
763
3749
285
687
2355
4896
22
2754
886
918
1041
1266
5413
278
2086
1246
2384
572
1436
3904
1248
3528
2516
1008
4545
5270
2066
4803
1692
5993
1987
295
1548
2014
589
3331
2405
2131
4000
5328
3743
3510
2721
4523
5545
5551
557
2471
3740
4288
5006
1718
2606
5017
1706
2141
3241
2385
4313
1286
5652
5440
3932
4602
1592
5392
2164
2398
318
5994
3113
4038
796
3022
1713
3389
37
4551
914
3974
4135
975
984
5389
1419
1561
4137
4852
4267
1356
5777
988
2684
1642
1291
3683
1381
1935
5119
3162
2032
893
4071
4257
3
2111
850
2739
2468
1916
1597
1915
5738
2738
727
54
1798
3847
2555
2802
937
5015
825
4323
3403
1390
3566
885
1870
11
3417
1464
807
5336
4070
2110
5957
6040
2236
964
4496
2634
705
432
4390
146
2035
5104
1166
3502
2052
3762
2626
4486
4437
4847
4715
4363
2426
1263
1773
3513
272
245
5910
4574
2034
4960
814
3812
4941
1806
4348
2463
546
3243
739
311
3523
1132
6000
4113
2771
921
3589
3961
39
4461
4280
2985
6079
2669
3225
1183
615
5982
1467
4499
3044
935
2421
5494
4929
827
1522
2932
4234
629
4432
3855
391
4347
5942
3992
401
3361
47
5841
6003
3644
3728
5914
2423
1752
5888
4981
4064
339
216
3665
1342
5568
3896
3642
330
3006
5818
3117
5891
2324
4199
3551
1459
172
4205
5622
3571
4228
4962
5010
939
61
1241
5083
2122
1525
154
482
4462
3922
1764
751
1787
4503
2713
5067
4195
1334
5417
2856
187
1137
2060
5096
149
4126
3365
4790
2868
3778
1387
5757
5033
3631
5479
4799
3030
2971
5285
1710
2955
455
610
4265
5155
2076
4054
4951
1623
4685
5330
41
2091
3926
2177
75
4868
6010
2659
3182
2078
442
2053
2543
1302
3432
1305
237
5069
2601
4618
2575
3282
3188
3955
2770
4833
4225
2108
2681
2763
4690
1388
5717
5510
1280
5971
1556
5505
3192
4568
4804
5712
4843
3596
1922
514
4179
1309
915
3454
3697
4244
3158
2200
775
4427
944
823
4279
165
4549
3985
2540
5811
1312
5534
5071
5653
3302
3312
328
2492
5706
4410
833
3081
3464
5331
55
4066
3453
1903
1482
4875
4897
4152
3337
947
3295
2163
5150
3059
769
5726
3497
286
6020
4526
5414
2334
2719
2081
3391
723
952
5300
2264
990
3214
1761
4993
4424
1726
342
3703
4245
689
3434
4946
967
5752
2205
2715
4759
5359
5570
3574
4807
1992
4122
4761
4988
5315
5771
3602
5556
6065
5012
386
5306
5558
537
5681
4214
3509
202
1333
3504
2710
4664
4023
1856
5441
2874
3032
1206
1647
3419
3478
2863
1794
3799
3370
3369
3535
5491
3451
604
3058
5573
127
3878
2937
4453
3533
2732
828
1641
985
3283
6056
2190
5608
2445
363
2351
346
815
4809
3207
5052
5836
3327
4108
2118
1836
794
6029
2676
95
4227
3758
2893
2373
5039
6092
3230
5425
2855
2914
1867
4614
1859
2647
2245
2338
951
3070
1121
2599
2206
420
923
1255
478
2037
1203
2628
5861
1972
3112
4020
2153
3689
4918
1999
4035
5975
3056
1249
2194
2714
993
2192
4672
3764
3599
4713
1319
1865
2345
2451
2138
1066
6044
4229
2623
78
2900
4822
1315
5309
873
3852
5826
2967
3393
2562
5968
2637
3532
376
1910
4431
5260
5667
4029
1605
1119
3679
3492
5926
2960
1996
6039
5284
2378
1343
321
1620
3715
2062
2221
1675
261
5372
2041
4787
902
3746
2028
4236
1919
1830
1574
4417
4751
5338
4656
4210
4629
225
724
5461
1142
2764
847
4291
5044
2553
2930
118
646
4
4172
468
6
920
2597
4326
1064
2592
243
5291
1161
2872
3737
2399
3519
3423
2565
1606
5873
2326
2711
5344
1313
3450
3814
5665
2364
1977
3516
1763
2741
5672
2474
4009
4720
1494
4208
2160
1170
5498
233
67
1604
3285
3598
4634
126
1297
1978
5921
5456
2077
4582
3088
5274
3347
5436
2799
919
1648
5124
5128
4980
4623
365
3289
2127
4125
4571
526
4823
56
639
303
2768
1277
4722
2057
5147
4434
3646
4145
2880
4204
5178
2288
2263
5243
2298
1755
5200
1970
5280
3119
2395
524
3902
5677
4701
5368
3124
4158
1971
672
4190
667
5266
1889
3268
281
1721
2949
4457
900
5904
761
1908
4044
3825
4140
3820
4302
2595
4166
3033
3581
2834
3474
138
4894
2182
2130
3179
4856
4639
5117
5301
4263
4346
1332
2019
4544
2484
1359
1330
6002
2152
4532
2124
4675
3983
1253
3280
3376
2816
4721
1850
4860
3039
389
236
1078
1986
4365
3964
771
2167
4535
674
250
1575
3421
2083
1825
5635
5825
4546
717
5427
5684
2050
5267
4180
4811
2726
5503
1461
1670
2758
2002
4573
4615
405
385
5468
2154
1634
5579
4786
3927
5339
4160
4950
5361
224
2195
3138
4471
1826
5594
5126
4974
798
2873
10
1946
1840
4806
256
4487
5485
1582
2958
925
5575
2510
5026
5323
3777
4837
4138
4966
2781
540
2747
5474
5560
1146
5129
4470
668
3021
358
5065
2833
2785
1354
5133
471
2705
3332
3639
1397
3586
5462
5265
3378
1257
3514
1251
5351
5972
4300
3286
2935
4177
5271
4912
1854
5697
5932
2107
134
5239
5031
929
824
5530
1532
1215
505
4287
1998
3074
1960
1385
895
4926
456
5643
3711
5618
4851
4750
4270
3524
4136
3604
714
4188
2216
5304
2925
1812
3488
3143
1829
1156
1325
4314
511
1682
500
5521
1858
1389
3721
2388
3238
1541
1218
2683
2995
1192
5296
1543
3303
3326
2541
954
4848
4332
733
6085
1157
5642
3296
2984
5308
5163
2158
1063
2618
1168
3224
3638
2940
4493
3142
4982
144
6036
3579
4948
2784
718
1821
2504
4362
4173
396
5887
4494
1366
5547
596
3954
5395
4970
2916
2328
3768
3442
3853
4134
5966
2145
5615
5075
1572
4081
1123
2788
2969
2506
3467
676
2810
3350
729
413
3148
1517
826
3269
3976
617
115
418
3071
1626
6033
4187
2898
5687
2084
754
2548
3971
3375
4109
2446
4382
1067
3915
5290
5539
5390
3500
2740
5054
4002
1569
2429
3748
5646
1689
852
3548
896
4594
336
2841
3089
4613
1349
1016
2818
1632
2491
3732
3253
5640
2072
4454
5950
5411
1636
4648
2481
2267
2961
5326
5758
3061
5055
2143
5106
3120
5191
5750
4047
3358
2746
5094
3508
1681
4251
3149
2296
581
1471
4801
4072
5311
3345
4994
4585
3674
560
5240
5218
2851
513
4731
1082
1666
1013
1933
1151
2840
117
741
5849
5180
3677
831
120
4754
5815
5767
6022
636
4467
4366
4144
992
877
4871
5318
5225
5
3053
3126
2662
2493
5176
3856
4935
4779
1717
1149
3263
575
3771
3738
4148
854
1984
2776
4931
5214
1167
972
2703
4497
3849
2370
4117
4782
4133
2952
5628
525
2457
5018
1843
538
2808
5599
4343
3177
785
4059
1410
2539
155
3011
1688
2903
6032
4723
3865
2735
1897
5445
570
1818
2067
128
3396
3329
6071
2977
981
2302
191
1140
5090
700
5816
607
4278
302
3422
5863
1061
2567
6082
1070
2526
2207
1244
17
3122
6073
4644
4756
816
3069
5821
5603
960
4895
226
3356
2487
563
3438
1695
1046
3448
4567
955
6070
2737
5976
4737
5866
1219
5257
5514
1528
3989
6013
1301
5961
5702
161
4069
957
3793
3236
2871
3779
4435
4975
2963
2202
99
5925
2559
3185
254
3925
4201
1446
5542
1650
4684
4725
3993
1698
3193
4501
1155
2257
1684
3172
2058
4092
5945
3110
4550
3725
5426
2051
4978
3645
6008
624
263
5733
3371
4063
5537
1804
4738
6080
2387
5762
1961
2978
489
1845
1736
2913
3221
147
5633
1988
1370
2813
660
1796
2513
3399
4284
1148
3274
609
3584
1932
198
2933
2329
4391
767
4498
4220
3257
203
3512
4933
5538
1735
5794
2779
1709
5175
5252
5760
3476
5858
855
5688
4739
4099
2162
699
6030
3001
3698
1638
3459
3583
1292
4661
5619
1855
5235
3765
3306
5990
5730
3745
3447
2000
664
4781
5356
3750
4415
4746
5533
5578
710
1283
5867
5070
2677
4031
1307
5499
5507
2239
3304
5595
2040
1530
1665
5453
6015
6037
3629
5742
5149
4893
2695
3062
1598
2731
2627
5918
3159
3316
1724
5282
1060
4638
3244
1680
1759
4193
5118
564
2792
864
1485
5136
207
4490
871
4495
503
1029
3842
2692
5584
5058
1571
2775
2733
805
5850
3647
2456
4600
3106
4877
5962
201
3101
2280
3563
5895
4476
4516
5797
392
5621
5261
1496
2697
2029
5251
5466
2570
65
3886
2064
5279
493
380
4861
3995
4889
1077
879
338
1017
1276
3800
4553
3344
4913
996
1983
4299
162
5678
4800
1501
3845
5228
2615
3463
1022
3075
3945
1586
1957
3154
35
4016
776
2558
1479
5489
1364
2614
2826
2043
242
2063
2365
601
2437
5396
2890
647
3892
3558
3204
1529
1268
1901
4660
3007
2736
190
1808
976
2749
2049
2560
1083
475
2906
4845
4119
3387
4557
1185
5053
5314
2435
5614
2393
770
1687
131
2921
3173
3446
5581
4428
5337
467
5737
3094
3774
5194
5229
5393
861
